# vetor = [
#     [0.2, "Robson", "Pires"],
#     10.7765,
#     20.55,
#     [10, 20.543, 30.323423],
#     [10, 20, 30.343],
#     [10, 20, 30.343]
# ]
#
#
vetor_menor = [[25.0, 21.67, 21.67, 13.33, 8.33, 18.33, 8.33, 21.67],
    [6.67, 16.67, 11.67, 20.0, 15.0, 15.0, 8.33, 15.0],
    [6.67, 16.67, 15.0, 13.33, 13.33, 16.67, 21.67, 18.33],
    [25.0, 8.33, 11.67, 23.33, 16.67, 21.67, 20.0, 18.33],
    [18.33, 21.67, 13.33, 6.67, 21.67, 23.33, 18.33, 8.33]]

# TABELA DE PONTOS E CUSTOS...
d = [[0, 400.00, 1300.00, 1700.00, 282.84, 1513.27, 400.00, 565.69, 1360.15, 1746.42, 2400.00, 2433.11, 2729.47, 2941.09, 2607.68, 3001.67, 2800.00, 2828.43, 3087.07, 3275.67],
    [400.00, 0, 900.00, 1300.00, 282.84, 1118.03, 565.69, 400.00, 984.89, 1360.15, 2433.11, 2400.00, 2563.20, 2729.47, 2607.68, 2823.12, 2828.43, 2800.00, 2941.09, 3087.07],
    [1300.00, 900.00, 0, 400.00, 1118.03, 282.84, 1360.15, 984.89, 400.00, 565.69, 2729.47, 2563.20, 2400.00, 2433.11, 2823.12, 2607.68, 3087.07, 2941.09, 2800.00, 2828.43],
    [1700.00, 1300.00, 400.00, 0, 1513.27, 282.84, 1746.42, 1360.15, 565.69, 400.00, 2941.09, 2729.47, 2433.11, 2400.00, 3001.67, 2607.68, 3275.67, 3087.07, 2828.43, 2800.00],
    [282.84, 282.84, 1118.03, 1513.27, 0, 1300.00, 282.84, 282.84, 1118.03, 1513.27, 2209.07, 2209.07, 2459.67, 2662.71, 2400.00, 2729.47, 2607.68, 2607.68, 2823.12, 3001.67],
    [1513.27, 1118.03, 282.84, 282.84, 1300.00, 0, 1513.27, 1118.03, 282.84, 282.84, 2662.71, 2459.67, 2209.07, 2209.07, 2729.47, 2400.00, 3001.67, 2823.12, 2607.68, 2607.68],
    [400.00, 565.69, 1360.15, 1746.42, 282.84, 1513.27, 0, 400.00, 1300.00, 1700.00, 2000.00, 2039.61, 2385.37, 2624.88, 2209.07, 2662.71, 2400.00, 2433.11, 2729.47, 2941.09],
    [565.69, 400.00, 984.89, 1360.15, 282.84, 1118.03, 400.00, 0, 900.00, 1300.00, 2039.61, 2000.00, 2193.17, 2385.37, 2209.07, 2459.67, 2433.11, 2400.00, 2563.20, 2729.47],
    [1360.15, 984.89, 400.00, 565.69, 1118.03, 282.84, 1300.00, 900.00, 0, 400.00, 2385.37, 2193.17, 2000.00, 2039.61, 2459.67, 2209.07, 2729.47, 2563.20, 2400.00, 2433.11],
    [1746.42, 1360.15, 565.69, 400.00, 1513.27, 282.84, 1700.00, 1300.00, 400.00, 0, 2624.88, 2385.37, 2039.61, 2000.00, 2662.71, 2209.07, 2941.09, 2729.47, 2433.11, 2400.00],
    [2400.00, 2433.11, 2729.47, 2941.09, 2209.07, 2662.71, 2000.00, 2039.61, 2385.37, 2624.88, 0, 400.00, 1300.00, 1700.00, 282.84, 1513.27, 400.00, 565.69, 1360.15, 1746.42],
    [2433.11, 2400.00, 2563.20, 2729.47, 2209.07, 2459.67, 2039.61, 2000.00, 2193.17, 2385.37, 400.00, 0, 900.00, 1300.00, 282.84, 1118.03, 565.69, 400.00, 984.89, 1360.15],
    [2729.47, 2563.20, 2400.00, 2433.11, 2459.67, 2209.07, 2385.37, 2193.17, 2000.00, 2039.61, 1300.00, 900.00, 0, 400.00, 1118.03, 282.84, 1360.15, 984.89, 400.00, 565.69],
    [2941.09, 2729.47, 2433.11, 2400.00, 2662.71, 2209.07, 2624.88, 2385.37, 2039.61, 2000.00, 1700.00, 1300.00, 400.00, 0, 1513.27, 282.84, 1746.42, 1360.15, 565.69, 400.00],
    [2607.68, 2607.68, 2823.12, 3001.67, 2400.00, 2729.47, 2209.07, 2209.07, 2459.67, 2662.71, 282.84, 282.84, 1118.03, 1513.27, 0, 1300.00, 282.84, 282.84, 1118.03, 1513.27],
    [3001.67, 2823.12, 2607.68, 2607.68, 2729.47, 2400.00, 2662.71, 2459.67, 2209.07, 2209.07, 1513.27, 1118.03, 282.84, 282.84, 1300.00, 0, 1513.27, 1118.03, 282.84, 282.84],
    [2800.00, 2828.43, 3087.07, 3275.67, 2607.68, 3001.67, 2400.00, 2433.11, 2729.47, 2941.09, 400.00, 565.69, 1360.15, 1746.42, 282.84, 1513.27, 0, 400.00, 1300.00, 1700.00],
    [2828.43, 2800.00, 2941.09, 3087.07, 2607.68, 2823.12, 2433.11, 2400.00, 2563.20, 2729.47, 565.69, 400.00, 984.89, 1360.15, 282.84, 1118.03, 400.00, 0, 900.00, 1300.00],
    [3087.07, 2941.09, 2800.00, 2828.43, 2823.12, 2607.68, 2729.47, 2563.20, 2400.00, 2433.11, 1360.15, 984.89, 400.00, 565.69, 1118.03, 282.84, 1300.00, 900.00, 0, 400.00],
    [3275.67, 3087.07, 2828.43, 2800.00, 3001.67, 2607.68, 2941.09, 2729.47, 2433.11, 2400.00, 1746.42, 1360.15, 565.69, 400.00, 1513.27, 282.84, 1700.00, 1300.00, 400.00, 0]]
